-----------------------------------------------
             4-BIT ALU SIMULATION
-----------------------------------------------
 A     B    Sel   Result   Carry
-----------------------------------------------
0101  0011   000    1000      0
0101  0011   001    0010      0
1100  1010   010    1000      0
1100  1010   011    1110      0
1100  1010   100    0110      0
1010  0000   101    0101      0
0011  0000   110    0110      0
1100  0000   111    0110      0
-----------------------------------------------
Simulation Completed Successfully.
-----------------------------------------------